0.63  4.0
0.04  4.0
0.06  4.0
0.06  4.0
0.06  2.0
0.03  3.0
0.02  3.0
0.02  3.0
0.08  3.0
0.08  2.0
0.01  2.0
0.07  3.0
0.09  3.0
0.07  4.0
0.0  3.0
0.07  4.0
0.04  3.0
0.06  4.0
0.04  2.0
0.08  2.0
0.08  3.0
0.04  4.0
0.01  4.0
0.04  2.0
0.09  3.0
0.05  2.0
0.0  3.0
0.05  2.0
0.04  4.0
0.03  2.0
0.09  3.0
0.05  3.0
0.01  4.0
0.02  4.0
0.01  4.0
0.06  2.0
0.09  3.0
0.02  4.0
0.1  4.0
0.05  3.0
0.07  4.0
0.01  3.0
0.03  4.0
0.04  2.0
0.03  2.0
0.1  4.0
0.01  4.0
0.04  3.0
0.05  4.0
0.05  4.0
0.07  2.0
0.01  2.0
0.03  4.0
0.1  3.0
0.06  2.0
0.09  4.0
0.0  4.0
0.02  4.0
0.08  3.0
0.06  4.0
0.05  2.0
0.09  3.0
0.03  3.0
0.08  4.0
0.02  2.0
0.08  3.0
0.04  2.0
0.06  4.0
0.05  4.0
0.03  3.0
0.08  2.0
0.03  2.0
0.05  4.0
0.07  2.0
0.08  4.0
0.03  4.0
0.01  2.0
0.1  2.0
0.03  2.0
0.01  3.0
0.01  2.0
0.02  2.0
0.09  4.0
0.03  3.0
0.1  3.0
0.02  2.0
0.08  4.0
0.08  4.0
0.06  2.0
0.01  3.0
0.09  3.0
0.01  3.0
0.07  2.0
0.05  2.0
0.08  2.0
0.02  4.0
0.02  2.0
0.05  4.0
0.09  4.0
0.05  4.0
0.05  4.0
